0 0.3342799014423077 0.8497176971153846 0.3336869591346154 0.8452493798076923 0.33370232451923076 0.8471548076923077 0.33358290625 0.8466565625 0.33188666346153844 0.828468954326923 0.3113467572115385 0.804182576923077 0.3152727259615385 0.8322028341346154 0.3342799014423077 0.8497176971153846
0 0.24879807692307693 0.6454326923076923 0.016826923076923076 0.04447115384615385
0 0.7752403846153846 0.45552884615384615 0.025240384615384616 0.03125
0 0.8894230769230769 0.37740384615384615 0.016826923076923076 0.02403846153846154
0 0.6057692307692307 0.3894230769230769 0.014423076923076924 0.019230769230769232
0 0.5240384615384616 0.34615384615384615 0.010817307692307692 0.016826923076923076
0 0.484375 0.328125 0.01201923076923077 0.020432692307692308
0 0.7379807692307693 0.3557692307692308 0.013221153846153846 0.019230769230769232
0 0.9338942307692307 0.2920673076923077 0.015625 0.016826923076923076
0 0.8762019230769231 0.27884615384615385 0.014423076923076924 0.02283653846153846
0 0.7680288461538461 0.2668269230769231 0.013221153846153846 0.018028846153846152
0 0.7199519230769231 0.2608173076923077 0.010817307692307692 0.014423076923076924
0 0.6670673076923077 0.2512019230769231 0.010817307692307692 0.015625