0 0.7656874471153846 0.43956634134615385 0.7654282091346154 0.4618177980769231 0.7868618557692308 0.4670759014423077 0.7867398990384615 0.44984118028846154 0.7656874471153846 0.43956634134615385
0 0.3233173076923077 0.8257211538461539 0.028846153846153848 0.04927884615384615
0 0.24759615384615385 0.6454326923076923 0.020432692307692308 0.036057692307692304
0 0.5240384615384616 0.34615384615384615 0.015625 0.025240384615384616
0 0.6069711538461539 0.3894230769230769 0.015625 0.02403846153846154
0 0.48677884615384615 0.33052884615384615 0.01201923076923077 0.016826923076923076
0 0.8882211538461539 0.37740384615384615 0.020432692307692308 0.025240384615384616
0 0.7379807692307693 0.35697115384615385 0.018028846153846152 0.020432692307692308
0 0.8762019230769231 0.2800480769230769 0.014423076923076924 0.02283653846153846
0 0.9338942307692307 0.2920673076923077 0.016826923076923076 0.025240384615384616
0 0.7680288461538461 0.2668269230769231 0.014423076923076924 0.016826923076923076
0 0.71875 0.2644230769230769 0.015625 0.016826923076923076